diary on
variable_a = 5

variable_a =

     5

vextor_x = [4, 5, 6]

vextor_x =

     4     5     6

column_y = [2;3;4]

column_y =

     2
     3
     4

matrix_M = [1, 2, 3;9,8,7;5,6,5]

matrix_M =

     1     2     3
     9     8     7
     5     6     5

matrix_M(2) = 4

matrix_M =

     1     2     3
     4     8     7
     5     6     5

matrix_M * 5

ans =

     5    10    15
    20    40    35
    25    30    25

matrix_M * x

ans =

     5    10    15
    20    40    35
    25    30    25

matrix_multiply_vector = matrix_M * x

matrix_multiply_vector =

     5    10    15
    20    40    35
    25    30    25

vextor_x * matrix_M

ans =

    54    84    77

vector_multiply_matrix = vextor_x * matrix_M

vector_multiply_matrix =

    54    84    77

matrix_multiply_columnvector = matrix_M * column_y

matrix_multiply_columnvector =

    20
    60
    48

power_twice_elements_of_matrix = matrix_M .* 2

power_twice_elements_of_matrix =

     2     4     6
     8    16    14
    10    12    10

diary off

natural_logaritm_of_5 = log(5)

natural_logaritm_of_5 =

    1.6094

absolute_value_of_statement = abs(10-100)

absolute_value_of_statement =

    90

zero_matrix = zeros(5, 5)

zero_matrix =

     0     0     0     0     0
     0     0     0     0     0
     0     0     0     0     0
     0     0     0     0     0
     0     0     0     0     0

ones_matrix = ones(4, 3)

ones_matrix =

     1     1     1
     1     1     1
     1     1     1
     1     1     1

single_matrix = eye(3, 5)

single_matrix =

     1     0     0     0     0
     0     1     0     0     0
     0     0     1     0     0

vactor_h = linspace(2, 100, 15)

vactor_h =

  Columns 1 through 10

     2     9    16    23    30    37    44    51    58    65

  Columns 11 through 15

    72    79    86    93   100

cos(vactor_g)
{Undefined function or variable 'vactor_g'.
} 
cos(vactor_h)

ans =

  Columns 1 through 6

   -0.4161   -0.9111   -0.9577   -0.5328    0.1543    0.7654

  Columns 7 through 12

    0.9998    0.7422    0.1192   -0.5625   -0.9673   -0.8960

  Columns 13 through 15

   -0.3837    0.3174    0.8623

vactor_h'

ans =

     2
     9
    16
    23
    30
    37
    44
    51
    58
    65
    72
    79
    86
    93
   100

inv(vactor_h)
{Error using <a href="matlab:matlab.internal.language.introspective.errorDocCallback('inv')" style="font-weight:bold">inv</a>
Matrix must be square.
} 
matrix_y = [3, 4, 5;6, 5, 3;2, 8, 6]

matrix_y =

     3     4     5
     6     5     3
     2     8     6

inv(matrix_y)

ans =

    0.0682    0.1818   -0.1477
   -0.3409    0.0909    0.2386
    0.4318   -0.1818   -0.1023

det(matrix_y)

ans =

    88

eig(matrix_y)

ans =

  14.0885 + 0.0000i
  -0.0442 + 2.4989i
  -0.0442 - 2.4989i

size(matrix_y)

ans =

     3     3

j = Inf + 10

j =

   Inf

j = Inf / Inf

j =

   NaN

j = Inf + Inf

j =

   Inf

j = Int - Inf
{Undefined function or variable 'Int'.
} 
j = Inf - Inf

j =

   NaN

j = Inf - realmax

j =

   Inf

function output = AddNumbers(x, y)
 function output = AddNumbers(x, y)
 
{Error: Function definitions are not permitted in this context.
} 
f = @(x) sin(x)/cos(x)

f = 

    @(x)sin(x)/cos(x)

f(pi/2)

ans =

   1.6331e+16

function output = addNumbers(x, y) output = x + y; end
 function output = addNumbers(x, y) output = x + y; end
 
{Error: Function definitions are not permitted in this
context.
} 
for i = 1:3 
disp(k);
end
{Undefined function or variable 'k'.
} 
for i = 1:3 disp(k); end
{Undefined function or variable 'k'.
} 
for i = 1:3 disp(i); end
     1

     2

     3

i = 0

i =

     0

while i < 7; k = k + 1; end
{Undefined function or variable 'k'.
} 
while i < 7; i = i + 1; end
disp(i)
     7

i == 7 false
 i == 7 false
        
{Error: Unexpected MATLAB expression.
} 
i == 5

ans =

     0

i == 7

ans =

     1

i > 8

ans =

     0

i ~= 8

ans =

     1

i < 8 && i ~= 9

ans =

     1

i < 4 || i == 7

ans =

     1

if i > 3 disp('Greater than 3'); elseif i == 7 disp('i is 7'); else disp('neither condition emt'); end
Greater than 3
vector_x = [4, 5, 6]

vector_x =

     4     5     6

vector_y = [7, 9, 4]

vector_y =

     7     9     4

plot(vector_x, vector_y)
loglog(vector_x, vector_y)
gird
{Undefined function or variable 'gird'.
} 
grid
title('any chart')
xlabel('x label')
ylabel('y label')
x = linspace(-3*pi, 3*pi, 1000)

x =

  Columns 1 through 5

   -9.4248   -9.4059   -9.3870   -9.3682   -9.3493

  Columns 6 through 10

   -9.3304   -9.3116   -9.2927   -9.2738   -9.2550

  Columns 11 through 15

   -9.2361   -9.2172   -9.1984   -9.1795   -9.1606

  Columns 16 through 20

   -9.1418   -9.1229   -9.1040   -9.0851   -9.0663

  Columns 21 through 25

   -9.0474   -9.0285   -9.0097   -8.9908   -8.9719

  Columns 26 through 30

   -8.9531   -8.9342   -8.9153   -8.8965   -8.8776

  Columns 31 through 35

   -8.8587   -8.8399   -8.8210   -8.8021   -8.7833

  Columns 36 through 40

   -8.7644   -8.7455   -8.7266   -8.7078   -8.6889

  Columns 41 through 45

   -8.6700   -8.6512   -8.6323   -8.6134   -8.5946

  Columns 46 through 50

   -8.5757   -8.5568   -8.5380   -8.5191   -8.5002

  Columns 51 through 55

   -8.4814   -8.4625   -8.4436   -8.4248   -8.4059

  Columns 56 through 60

   -8.3870   -8.3681   -8.3493   -8.3304   -8.3115

  Columns 61 through 65

   -8.2927   -8.2738   -8.2549   -8.2361   -8.2172

  Columns 66 through 70

   -8.1983   -8.1795   -8.1606   -8.1417   -8.1229

  Columns 71 through 75

   -8.1040   -8.0851   -8.0663   -8.0474   -8.0285

  Columns 76 through 80

   -8.0096   -7.9908   -7.9719   -7.9530   -7.9342

  Columns 81 through 85

   -7.9153   -7.8964   -7.8776   -7.8587   -7.8398

  Columns 86 through 90

   -7.8210   -7.8021   -7.7832   -7.7644   -7.7455

  Columns 91 through 95

   -7.7266   -7.7078   -7.6889   -7.6700   -7.6511

  Columns 96 through 100

   -7.6323   -7.6134   -7.5945   -7.5757   -7.5568

  Columns 101 through 105

   -7.5379   -7.5191   -7.5002   -7.4813   -7.4625

  Columns 106 through 110

   -7.4436   -7.4247   -7.4059   -7.3870   -7.3681

  Columns 111 through 115

   -7.3493   -7.3304   -7.3115   -7.2926   -7.2738

  Columns 116 through 120

   -7.2549   -7.2360   -7.2172   -7.1983   -7.1794

  Columns 121 through 125

   -7.1606   -7.1417   -7.1228   -7.1040   -7.0851

  Columns 126 through 130

   -7.0662   -7.0474   -7.0285   -7.0096   -6.9908

  Columns 131 through 135

   -6.9719   -6.9530   -6.9341   -6.9153   -6.8964

  Columns 136 through 140

   -6.8775   -6.8587   -6.8398   -6.8209   -6.8021

  Columns 141 through 145

   -6.7832   -6.7643   -6.7455   -6.7266   -6.7077

  Columns 146 through 150

   -6.6889   -6.6700   -6.6511   -6.6323   -6.6134

  Columns 151 through 155

   -6.5945   -6.5756   -6.5568   -6.5379   -6.5190

  Columns 156 through 160

   -6.5002   -6.4813   -6.4624   -6.4436   -6.4247

  Columns 161 through 165

   -6.4058   -6.3870   -6.3681   -6.3492   -6.3304

  Columns 166 through 170

   -6.3115   -6.2926   -6.2738   -6.2549   -6.2360

  Columns 171 through 175

   -6.2171   -6.1983   -6.1794   -6.1605   -6.1417

  Columns 176 through 180

   -6.1228   -6.1039   -6.0851   -6.0662   -6.0473

  Columns 181 through 185

   -6.0285   -6.0096   -5.9907   -5.9719   -5.9530

  Columns 186 through 190

   -5.9341   -5.9153   -5.8964   -5.8775   -5.8586

  Columns 191 through 195

   -5.8398   -5.8209   -5.8020   -5.7832   -5.7643

  Columns 196 through 200

   -5.7454   -5.7266   -5.7077   -5.6888   -5.6700

  Columns 201 through 205

   -5.6511   -5.6322   -5.6134   -5.5945   -5.5756

  Columns 206 through 210

   -5.5568   -5.5379   -5.5190   -5.5001   -5.4813

  Columns 211 through 215

   -5.4624   -5.4435   -5.4247   -5.4058   -5.3869

  Columns 216 through 220

   -5.3681   -5.3492   -5.3303   -5.3115   -5.2926

  Columns 221 through 225

   -5.2737   -5.2549   -5.2360   -5.2171   -5.1983

  Columns 226 through 230

   -5.1794   -5.1605   -5.1416   -5.1228   -5.1039

